Img,Idx,X,Y,Area,Mean,StdDev,IntDen,RawIntDen,Round,Circ.,AR,Solidity
exemple.tif - C=0	Nuc_001_Chr_001	45.026189630	3.252547912	0.397941060	387.791139241	81.640352658	154.318017200	61271.000000000	0.618163046	0.863874192	1.617696183	0.908045977
exemple.tif - C=0	Nuc_001_Chr_002	45.214849506	5.015123878	0.420608589	392.473053892	95.805702874	165.077537519	65543.000000000	0.278359558	0.491319715	3.592475887	0.753950339
exemple.tif - C=0	Nuc_001_Chr_003	42.026995219	4.872174455	0.350087389	577.280575540	99.431574956	202.098649217	80242.000000000	0.848728470	0.924971355	1.178233127	0.920529801
exemple.tif - C=0	Nuc_001_Chr_004	43.403111241	4.810993077	0.166228544	572.484848485	96.072607546	95.163322973	37784.000000000	0.831890069	0.934008254	1.202081907	0.891891892
exemple.tif - C=0	Nuc_001_Chr_005	44.242872048	5.949744536	0.463425032	554.255434783	84.246093927	256.855842864	101983.000000000	0.713092032	0.873289569	1.402343533	0.926952141
exemple.tif - C=0	Nuc_001_Chr_006	40.049057020	6.490367220	0.639728034	415.358267717	97.712905229	265.716327995	105501.000000000	0.540435047	0.774806377	1.850361121	0.905525847
exemple.tif - C=0	Nuc_001_Chr_007	41.770462278	6.816465426	0.768177364	577.498360656	97.918606257	443.621168180	176137.000000000	0.503986017	0.754885421	1.984182033	0.891812865
exemple.tif - C=0	Nuc_002_Chr_001	24.368072621	16.217899049	0.088151501	595.428571429	84.395527382	52.487922156	20840.000000000	0.877270919	1.000000000	1.139898722	0.921052632
exemple.tif - C=0	Nuc_002_Chr_002	23.077561034	17.161824177	0.367717689	708.602739726	132.736580175	260.565761738	103456.000000000	0.776313271	0.935542918	1.288139772	0.921135647
exemple.tif - C=0	Nuc_002_Chr_003	24.261299055	18.025536960	0.178821616	589.774647887	117.414187167	105.464455488	41874.000000000	0.842696565	1.000000000	1.186666757	0.922077922
exemple.tif - C=0	Nuc_002_Chr_004	22.784669860	19.266264272	0.397941060	695.778481013	115.364922166	276.878826604	109933.000000000	0.866332818	0.894521931	1.154290799	0.908045977
exemple.tif - C=0	Nuc_002_Chr_005	22.502664202	19.754587045	0.156154087	735.903225806	102.957688218	114.914296368	45626.000000000	0.711507599	0.877401694	1.405466366	0.885714286
exemple.tif - C=0	Nuc_002_Chr_006	21.152723377	20.751827415	0.214082216	489.329411765	88.579448900	104.756724868	41593.000000000	0.684078113	0.921739250	1.461821364	0.904255319
exemple.tif - C=0	Nuc_002_Chr_007	21.692202074	21.906588007	0.259417274	663.310679612	111.291000740	172.074248064	68321.000000000	0.925136210	0.964793798	1.080921911	0.919642857
exemple.tif - C=0	Nuc_002_Chr_008	22.275113986	21.945068562	0.214082216	593.247058824	134.696829415	127.003645041	50426.000000000	0.946761811	0.968294040	1.056231872	0.918918919
exemple.tif - C=0	Nuc_003_Chr_001	36.855476195	18.300588259	0.337494317	522.231343284	99.761890518	176.250110585	69979.000000000	0.928184857	0.891699004	1.077371595	0.905405405
exemple.tif - C=0	Nuc_003_Chr_002	37.144659817	18.888231582	0.282084802	467.375000000	76.508861290	131.839384511	52346.000000000	0.792108231	0.862963691	1.262453741	0.914285714
exemple.tif - C=0	Nuc_003_Chr_003	35.446361097	19.218519223	0.191414687	488.750000000	105.212435894	93.553928431	37145.000000000	0.917092946	0.944488790	1.090402019	0.904761905
exemple.tif - C=0	Nuc_003_Chr_004	36.020118388	20.623706026	0.214082216	529.305882353	97.447913258	113.314976283	44991.000000000	0.940629106	0.968294040	1.063118283	0.909090909
exemple.tif - C=0	Nuc_004_Chr_001	12.517373566	27.899453377	0.476018104	672.343915344	97.906779521	320.047875824	127073.000000000	0.644840777	0.880337002	1.550770415	0.926470588
exemple.tif - C=0	Nuc_004_Chr_002	15.499326049	28.139455671	0.453350575	666.766666667	123.259915236	302.279051889	120018.000000000	0.798083042	0.947101808	1.253002442	0.947368421
exemple.tif - C=0	Nuc_004_Chr_003	11.484311110	28.638276536	0.329938474	699.091603053	95.862036312	230.657216843	91581.000000000	0.894087094	0.942214073	1.118459272	0.935714286
exemple.tif - C=0	Nuc_004_Chr_004	14.676361854	29.937727346	0.465943647	702.291891892	120.581026291	327.228445213	129924.000000000	0.687557020	0.889864690	1.454424828	0.922693267
exemple.tif - C=0	Nuc_004_Chr_005	16.469435677	30.227735998	0.974703737	898.322997416	137.885311520	875.598782418	347651.000000000	0.881186785	0.927100785	1.134833178	0.949693252
exemple.tif - C=0	Nuc_004_Chr_006	13.512884544	30.341257977	0.352606003	735.664285714	105.814525578	259.399643314	102993.000000000	0.956074228	0.957259674	1.045943893	0.924092409
exemple.tif - C=0	Nuc_004_Chr_007	12.810842937	30.917511592	0.206526373	729.243902439	100.346998082	150.608098326	59798.000000000	0.957455577	0.982521162	1.044434879	0.931818182
exemple.tif - C=0	Nuc_004_Chr_008	17.528670153	31.217443969	0.370236303	895.122448980	123.548553927	331.406826349	131583.000000000	0.925769106	0.978207116	1.080182946	0.945337621
exemple.tif - C=0	Nuc_004_Chr_009	16.711870688	32.169096429	0.130967944	736.807692308	98.561225813	96.498188556	38314.000000000	1.000000000	1.000000000	1.000000000	0.928571429
exemple.tif - C=0	Nuc_004_Chr_010	19.275421294	33.200049977	0.589355748	647.987179487	139.263805636	381.894968745	151629.000000000	0.643258678	0.893877526	1.554584545	0.943548387
exemple.tif - C=0	Nuc_004_Chr_011	13.599905784	34.088480479	0.425645818	736.266272189	162.945342460	313.388659597	124429.000000000	0.592764210	0.859825403	1.687011434	0.918478261
exemple.tif - C=0	Nuc_004_Chr_012	18.778161061	34.140796980	0.546539305	765.142857143	176.387207841	418.180645065	166036.000000000	0.695732609	0.897772396	1.437333807	0.937365011
exemple.tif - C=0	Nuc_005_Chr_001	41.595122495	38.823751213	0.702693392	774.584229391	109.222361972	544.295219256	216109.000000000	0.355784762	0.607939005	2.810688110	0.905844156
exemple.tif - C=0	Nuc_005_Chr_002	38.989630429	38.469781315	0.266973117	659.622641509	124.791136195	176.101512340	69920.000000000	0.881202833	0.961881595	1.134812512	0.921739130
exemple.tif - C=0	Nuc_005_Chr_003	39.401669964	39.603867816	0.347568774	830.123188406	102.394004508	288.524899159	114557.000000000	0.855680807	0.981137437	1.168660080	0.948453608
exemple.tif - C=0	Nuc_005_Chr_004	41.666235905	40.062381449	0.241786973	686.520833333	106.075839718	165.991794512	65906.000000000	0.720602600	0.911258681	1.387727439	0.927536232
exemple.tif - C=0	Nuc_005_Chr_005	40.146560533	40.808565548	0.395422446	836.044585987	154.254424528	330.590795313	131259.000000000	0.746933409	0.954838809	1.338807434	0.942942943
exemple.tif - C=0	Nuc_006_Chr_001	3.309915841	40.428631715	0.350087389	699.798561151	150.288764555	244.990650864	97272.000000000	0.725038690	0.950422105	1.379236742	0.936026936
exemple.tif - C=0	Nuc_006_Chr_002	1.089922207	40.545267981	0.312308174	681.822580645	122.402577713	212.938765194	84546.000000000	0.949925330	0.971869696	1.052714322	0.935849057
exemple.tif - C=0	Nuc_006_Chr_003	6.353550852	41.672238732	0.876477779	1026.821839080	217.729725341	899.986524752	357334.000000000	0.606640157	0.825828179	1.648423679	0.939271255
exemple.tif - C=0	Nuc_006_Chr_004	4.716872253	41.969355325	0.319864017	940.204724409	127.258538154	300.737659933	119406.000000000	0.867114814	0.955439261	1.153249816	0.916967509
exemple.tif - C=0	Nuc_006_Chr_005	2.162685840	42.243425696	0.470980875	797.860962567	136.033645131	375.777254594	149200.000000000	0.618409362	0.899484849	1.617051845	0.939698492
exemple.tif - C=0	Nuc_006_Chr_006	5.279407809	43.638853341	0.274528959	806.064220183	119.669782939	221.287971621	87861.000000000	0.897022652	0.989104659	1.114799050	0.943722944
exemple.tif - C=0	Nuc_006_Chr_007	9.678918398	44.113850211	0.355124617	514.567375887	98.264097859	182.735542425	72554.000000000	0.589485509	0.827107800	1.696394541	0.909677419
exemple.tif - C=0	Nuc_006_Chr_008	7.057377824	44.107412108	0.342531546	816.573529412	160.817247663	279.702193242	111054.000000000	0.766829190	0.929909397	1.304071379	0.925170068
exemple.tif - C=0	Nuc_007_Chr_001	40.086227745	19.905102928	0.098225958	478.871794872	70.594907930	47.037640796	18676.000000000	0.728983666	0.978067782	1.371772848	0.886363636
exemple.tif - C=0	Nuc_007_Chr_002	36.971820255	22.324695944	0.443276118	537.170454545	90.837276375	238.114833806	94542.000000000	0.336914231	0.624777622	2.968114460	0.832151300
exemple.tif - C=0	Nuc_007_Chr_003	38.476270378	22.558516138	0.256898659	691.862745098	85.814563976	177.738611640	70570.000000000	0.866147941	0.986736457	1.154537179	0.923076923
exemple.tif - C=0	Nuc_007_Chr_004	36.248343354	23.514027316	0.382829375	568.078947368	100.336752612	217.477308175	86348.000000000	0.936318219	0.914639284	1.068012968	0.924012158
exemple.tif - C=0	Nuc_007_Chr_005	37.091613501	24.189808033	0.498685633	544.555555556	87.771244233	271.562031802	107822.000000000	0.561903556	0.836860846	1.779664837	0.920930233
exemple.tif - C=0	Nuc_007_Chr_006	34.684578076	24.292207337	0.193933302	455.207792208	81.770432448	88.279950072	35051.000000000	0.423160968	0.660176134	2.363166916	0.846153846
exemple.tif - C=0	Nuc_007_Chr_007	33.598070989	25.394674057	0.382829375	528.203947368	93.957390569	202.211986860	80287.000000000	0.559943508	0.811125661	1.785894446	0.888888889
exemple.tif - C=0	Nuc_007_Chr_008	31.663653750	28.435217919	0.229193902	468.296703297	70.362157523	107.330748690	42615.000000000	0.435595745	0.654515119	2.295706536	0.846511628
